 <pre>

 Contingency table for Visibility (m)
 Selection: ALL    514 stations
Period: 20220310-20220321
Used {06} + 00 03 ... 48
 Limits    150.000000       350.000000       600.000000       800.000000       1500.00000       3000.00000       5000.00000       8000.00000       20000.0000    
 Each class is data <= limit, the very last > last limit
 Total number of values       85460
                                                       OBSERVATION
                                    145      212       79       31       60       86       79       75      124       44 |       935
                                     83      202      107       56       98      133      147      119      200       87 |      1232
                                     16       65       39        9       29       63       65       50       96       33 |       465
                                      8       20       15        4       10       28       24       25       37       19 |       190
                           REF       15       43       26        8       30       60       55       59      105       44 |       445
                                     95      143      104       30      115      253      366      414      807      366 |      2693
                                     70      135       74       30       59      167      274      332     1337      818 |      3296
                                     70      118       80       19       81      156      373      514     2950     1840 |      6201
                                     72      174      128       52      135      195      711     1079    12100    15902 |     30548
                                     40      134      103       46       78      141      432      770    11788    25923 |     39455

                    SUM             614     1246      755      285      695     1282     2526     3437    29544    45076 |     85460
                                                       OBSERVATION
                                    145      212       79       31       60       86       79       75      124       44 |       935
                                     83      202      107       56       98      133      147      119      200       87 |      1232
                                     16       65       39        9       29       63       65       50       96       33 |       465
                                      8       20       15        4       10       28       24       25       37       19 |       190
                       REF_RED       14       43       26        8       30       58       55       58      102       42 |       436
                                     64       97       66       18       79      172      209      236      425      214 |      1580
                                     70      114       77       30       70      181      301      343      981      580 |      2747
                                     33       78       46       10       37       85      153      219      837      616 |      2114
                                     38       62       33       18       39       69      156      192      982      765 |      2354
                                    143      353      267      101      243      407     1337     2120    25760    42676 |     73407

                    SUM             614     1246      755      285      695     1282     2526     3437    29544    45076 |     85460
                                                       OBSERVATION
                                    146      214       79       31       60       86       80       75      125       44 |       940
                                     82      200      107       56       98      134      146      119      201       90 |      1233
                                     16       65       40       10       31       62       66       51       96       31 |       468
                                      8       21       14        4        8       29       23       24       39       20 |       190
                       FULLPOS       14       44       26        6       29       56       54       58       99       42 |       428
                                     21       35       34        8       36       80       96       89      145       97 |       641
                                     21       36       21       11       26       47       80       90      193      139 |       664
                                     13       31       24        8       25       54       73       68      177      130 |       603
                                     37       66       54       17       52      131      212      180      628      430 |      1807
                                    256      534      356      134      330      603     1696     2683    27841    44053 |     78486

                    SUM             614     1246      755      285      695     1282     2526     3437    29544    45076 |     85460
                                                       OBSERVATION
                                      1        1        1        1        1        0        4        0        2        0 |        11
                                    184      307      116       56       98      123      125      129      195       81 |      1414
                                     53      127       89       34       68      119      124       92      173       65 |       944
                                      7       48       22        8       23       47       43       31       58       24 |       311
                       GULTEPE       21       61       39        8       34       80       71       75      134       62 |       585
                                     25       49       46       12       52      100      127      120      213      128 |       872
                                     26       48       38       14       29       69      106      105      244      190 |       869
                                     25       47       32       12       39       71       97       88      281      185 |       877
                                     43       71       56       17       45      134      229      220      743      496 |      2054
                                    229      487      316      123      306      539     1600     2577    27501    43845 |     77523

                    SUM             614     1246      755      285      695     1282     2526     3437    29544    45076 |     85460

