 <pre>

 Contingency table for Visibility (m)
 Selection: ALL    514 stations
Period: 20220310-20220320
Used {18} + 00 03 ... 48
 Limits    150.000000       350.000000       600.000000       800.000000       1500.00000       3000.00000       5000.00000       8000.00000       20000.0000    
 Each class is data <= limit, the very last > last limit
 Total number of values       81166
                                                       OBSERVATION
                                    128      187       51       31       54       54       71       56       66       23 |       721
                                     79      189      109       37       65      144      115       92      186       82 |      1098
                                     19       48       35       14       38       48       58       49       92       42 |       443
                                      4       19       11        5        7       12       20       22       19       20 |       139
                           REF       14       49       22       11       42       64       52       52       88       42 |       436
                                     99      169      104       36      103      268      369      406      816      337 |      2707
                                     62      116       80       32       65      142      286      362     1316      829 |      3290
                                     63      113       75       19       75      158      360      504     2853     1824 |      6044
                                     63      178      130       48      129      206      700     1052    11636    14757 |     28899
                                     32       89       77       30       72      129      394      644    11121    24801 |     37389

                    SUM             563     1157      694      263      650     1225     2425     3239    28193    42757 |     81166
                                                       OBSERVATION
                                    128      187       51       31       54       54       71       56       66       23 |       721
                                     79      189      109       37       65      144      115       92      186       82 |      1098
                                     19       48       35       14       38       48       58       49       92       42 |       443
                                      4       19       11        5        7       12       20       22       19       20 |       139
                       REF_RED       14       49       22       11       42       64       50       49       87       41 |       429
                                     56      120       69       23       69      171      228      240      424      191 |      1591
                                     73      116       81       28       73      178      286      359      976      554 |      2724
                                     37       54       48       20       29       72      174      195      831      589 |      2049
                                     24       64       31       13       38       82      168      210     1028      820 |      2478
                                    129      311      237       81      235      400     1255     1967    24484    40395 |     69494

                    SUM             563     1157      694      263      650     1225     2425     3239    28193    42757 |     81166
                                                       OBSERVATION
                                    129      188       51       31       54       54       71       56       66       23 |       723
                                     79      190      109       37       65      144      115       93      188       82 |      1102
                                     18       46       35       15       38       48       59       48       91       44 |       442
                                      5       19       11        5        7       12       21       22       21       21 |       144
                       FULLPOS       12       49       24       11       39       59       42       46       80       42 |       404
                                     23       52       29       10       34       75       94       78      165       80 |       640
                                     14       38       18        3       22       52       60       64      147      134 |       552
                                     15       27       33        9       19       43       64       82      184      107 |       583
                                     37       67       49       20       49      133      224      210      586      358 |      1733
                                    231      481      335      122      323      605     1675     2540    26665    41866 |     74843

                    SUM             563     1157      694      263      650     1225     2425     3239    28193    42757 |     81166
                                                       OBSERVATION
                                      2        1        1        0        1        1        1        1        1        0 |         9
                                    167      282       92       46       81      119      109      101      139       56 |      1192
                                     45      110       85       28       56      101       98       73      148       69 |       813
                                     13       33       18       10       21       29       42       25       64       29 |       284
                       GULTEPE       15       64       33       15       45       67       58       62       96       59 |       514
                                     30       72       37       12       40      101      118      110      217      102 |       839
                                     18       49       47       10       30       62       75       91      211      179 |       772
                                     26       45       29       12       29       76      100      116      282      164 |       879
                                     39       70       50       18       52      115      240      220      656      416 |      1876
                                    208      431      302      112      295      554     1584     2440    26379    41683 |     73988

                    SUM             563     1157      694      263      650     1225     2425     3239    28193    42757 |     81166

