 <pre>

 Contingency table for Visibility (m)
 Selection: ALL    514 stations
Period: 20220310-20220321
Used {00} + 00 03 ... 48
 Limits    150.000000       350.000000       600.000000       800.000000       1500.00000       3000.00000       5000.00000       8000.00000       20000.0000    
 Each class is data <= limit, the very last > last limit
 Total number of values       86635
                                                       OBSERVATION
                                    157      195       65       34       48       65       70       61       88       40 |       823
                                     75      202       94       43       86      131      112      110      199      101 |      1153
                                     20       67       40        8       35       60       63       46       83       35 |       457
                                      2       12       15        6       12       22       28       19       28        9 |       153
                           REF       16       50       32       12       35       69       78       57       96       33 |       478
                                     98      164      101       32      109      269      347      387      839      351 |      2697
                                     62      100       67       27       65      166      318      379     1333      872 |      3389
                                     55      124       75       25       68      149      351      497     2978     1922 |      6244
                                     76      180      138       48      132      218      746     1127    12376    16292 |     31333
                                     54      137       98       38       89      145      407      742    11849    26349 |     39908

                    SUM             615     1231      725      273      679     1294     2520     3425    29869    46004 |     86635
                                                       OBSERVATION
                                    157      195       65       34       48       65       70       61       88       40 |       823
                                     75      202       94       43       86      131      112      110      199      101 |      1153
                                     20       67       40        8       35       60       63       46       83       35 |       457
                                      2       12       15        6       12       22       28       19       28        9 |       153
                       REF_RED       16       50       32       12       31       69       74       57       95       33 |       469
                                     56      116       66       21       71      184      212      232      431      209 |      1598
                                     68      108       76       28       69      176      301      345      968      563 |      2702
                                     32       62       37       15       43       79      171      220      886      648 |      2193
                                     27       54       37       13       42       88      166      221     1006      819 |      2473
                                    162      365      263       93      242      420     1323     2114    26085    43547 |     74614

                    SUM             615     1231      725      273      679     1294     2520     3425    29869    46004 |     86635
                                                       OBSERVATION
                                    157      196       65       34       48       65       70       62       88       40 |       825
                                     76      203       95       43       86      132      114      110      199      101 |      1159
                                     19       66       39        8       35       59       63       46       84       35 |       454
                                      3       11       16        8       12       22       27       18       28       15 |       160
                       FULLPOS       14       51       31        9       31       68       70       55       90       31 |       450
                                     24       47       32       13       41       81       99       83      162       98 |       680
                                     14       37       23        7       17       53       59       89      174      117 |       590
                                     12       40       20        5       20       52       56       72      205      107 |       589
                                     32       59       46       19       68      150      224      205      623      439 |      1865
                                    264      521      358      127      321      612     1738     2685    28216    45021 |     79863

                    SUM             615     1231      725      273      679     1294     2520     3425    29869    46004 |     86635
                                                       OBSERVATION
                                      2        0        1        0        0        1        2        0        1        0 |         7
                                    190      280      107       54       79      115      112       98      157       81 |      1273
                                     47      147       69       26       66      108       95       91      166       76 |       891
                                     13       41       28        7       26       40       43       33       55       23 |       309
                       GULTEPE       17       58       41       15       41       85       94       71      111       44 |       577
                                     28       67       44       15       47      103      116      108      226      125 |       879
                                     21       56       31        9       26       72       77      110      239      163 |       804
                                     20       42       30        9       35       80       99      111      290      173 |       889
                                     37       70       63       25       60      138      248      243      704      499 |      2087
                                    240      470      311      113      299      552     1634     2560    27920    44820 |     78919

                    SUM             615     1231      725      273      679     1294     2520     3425    29869    46004 |     86635

